"t","ws_mb","priv_mb","threads","handles","PSComputerName","RunspaceId","PSShowComputerName"
"0.4","19.6","20.1","22","298","localhost","768da914-8836-4b1c-9cfb-6e2c3a001840","False"
"1.4","19.6","20.1","22","298","localhost","768da914-8836-4b1c-9cfb-6e2c3a001840","False"
"2.4","19.6","20.1","22","298","localhost","768da914-8836-4b1c-9cfb-6e2c3a001840","False"
"3.4","19.6","20.1","22","298","localhost","768da914-8836-4b1c-9cfb-6e2c3a001840","False"
"4.4","19.6","20.1","22","298","localhost","768da914-8836-4b1c-9cfb-6e2c3a001840","False"
"5.5","19.6","20.1","22","298","localhost","768da914-8836-4b1c-9cfb-6e2c3a001840","False"
"6.5","19.6","20.1","22","298","localhost","768da914-8836-4b1c-9cfb-6e2c3a001840","False"
"7.5","19.6","20.1","22","298","localhost","768da914-8836-4b1c-9cfb-6e2c3a001840","False"
"8.5","19.6","20.1","22","298","localhost","768da914-8836-4b1c-9cfb-6e2c3a001840","False"
"9.5","19.6","20.1","22","298","localhost","768da914-8836-4b1c-9cfb-6e2c3a001840","False"
"10.5","19.6","20.1","22","298","localhost","768da914-8836-4b1c-9cfb-6e2c3a001840","False"
"11.5","19.6","20.1","22","298","localhost","768da914-8836-4b1c-9cfb-6e2c3a001840","False"
"12.6","50.3","55.9","22","309","localhost","768da914-8836-4b1c-9cfb-6e2c3a001840","False"
"13.6","55.4","64.8","22","309","localhost","768da914-8836-4b1c-9cfb-6e2c3a001840","False"
"14.6","65.2","83.6","22","309","localhost","768da914-8836-4b1c-9cfb-6e2c3a001840","False"
"15.6","74.5","83.6","22","309","localhost","768da914-8836-4b1c-9cfb-6e2c3a001840","False"
"16.6","84.2","121.3","22","309","localhost","768da914-8836-4b1c-9cfb-6e2c3a001840","False"
"17.6","93.6","121.3","22","309","localhost","768da914-8836-4b1c-9cfb-6e2c3a001840","False"
"18.7","103.2","121.3","22","309","localhost","768da914-8836-4b1c-9cfb-6e2c3a001840","False"
"19.7","112.9","121.3","22","309","localhost","768da914-8836-4b1c-9cfb-6e2c3a001840","False"
"20.7","61.7","71.6","22","309","localhost","768da914-8836-4b1c-9cfb-6e2c3a001840","False"
"21.7","61","68.7","22","309","localhost","768da914-8836-4b1c-9cfb-6e2c3a001840","False"
"22.7","70.5","87.6","22","309","localhost","768da914-8836-4b1c-9cfb-6e2c3a001840","False"
"23.7","80","87.6","22","309","localhost","768da914-8836-4b1c-9cfb-6e2c3a001840","False"
"24.7","89.8","125.2","22","309","localhost","768da914-8836-4b1c-9cfb-6e2c3a001840","False"
"25.7","99.2","125.2","22","309","localhost","768da914-8836-4b1c-9cfb-6e2c3a001840","False"
"26.8","109.1","125.2","22","309","localhost","768da914-8836-4b1c-9cfb-6e2c3a001840","False"
"27.8","118.7","125.2","22","309","localhost","768da914-8836-4b1c-9cfb-6e2c3a001840","False"
"28.8","19.9","20.3","22","298","localhost","768da914-8836-4b1c-9cfb-6e2c3a001840","False"
"29.8","19.9","20.3","22","298","localhost","768da914-8836-4b1c-9cfb-6e2c3a001840","False"
"30.8","19.9","20.3","22","298","localhost","768da914-8836-4b1c-9cfb-6e2c3a001840","False"
"31.9","19.9","20.3","22","298","localhost","768da914-8836-4b1c-9cfb-6e2c3a001840","False"
"32.9","19.9","20.3","22","298","localhost","768da914-8836-4b1c-9cfb-6e2c3a001840","False"
"33.9","19.9","20.3","22","298","localhost","768da914-8836-4b1c-9cfb-6e2c3a001840","False"
"34.9","19.9","20.3","22","298","localhost","768da914-8836-4b1c-9cfb-6e2c3a001840","False"
"35.9","19.9","20.3","22","298","localhost","768da914-8836-4b1c-9cfb-6e2c3a001840","False"
"36.9","19.9","20.3","22","298","localhost","768da914-8836-4b1c-9cfb-6e2c3a001840","False"
"37.9","19.9","20.3","22","298","localhost","768da914-8836-4b1c-9cfb-6e2c3a001840","False"
"39","19.9","20.3","22","298","localhost","768da914-8836-4b1c-9cfb-6e2c3a001840","False"
"40","19.9","20.3","22","298","localhost","768da914-8836-4b1c-9cfb-6e2c3a001840","False"
"41","19.9","20.3","22","298","localhost","768da914-8836-4b1c-9cfb-6e2c3a001840","False"
"42","19.9","20.3","22","298","localhost","768da914-8836-4b1c-9cfb-6e2c3a001840","False"
"43","99.7","113.8","22","319","localhost","768da914-8836-4b1c-9cfb-6e2c3a001840","False"
"44","100.7","109.1","22","319","localhost","768da914-8836-4b1c-9cfb-6e2c3a001840","False"
"45.1","120.2","146.8","22","319","localhost","768da914-8836-4b1c-9cfb-6e2c3a001840","False"
"46.1","139.1","146.8","22","319","localhost","768da914-8836-4b1c-9cfb-6e2c3a001840","False"
"47.1","157.6","222.2","22","319","localhost","768da914-8836-4b1c-9cfb-6e2c3a001840","False"
"48.1","176.3","222.2","22","319","localhost","768da914-8836-4b1c-9cfb-6e2c3a001840","False"
"49.1","195.7","222.2","22","319","localhost","768da914-8836-4b1c-9cfb-6e2c3a001840","False"
"50.1","76.3","86.6","22","319","localhost","768da914-8836-4b1c-9cfb-6e2c3a001840","False"
"51.2","94.8","118.1","22","319","localhost","768da914-8836-4b1c-9cfb-6e2c3a001840","False"
"52.2","114.4","155.8","22","319","localhost","768da914-8836-4b1c-9cfb-6e2c3a001840","False"
"53.2","133.4","155.8","22","319","localhost","768da914-8836-4b1c-9cfb-6e2c3a001840","False"
"54.2","152.6","231.2","22","319","localhost","768da914-8836-4b1c-9cfb-6e2c3a001840","False"
"55.2","171.8","231.2","22","319","localhost","768da914-8836-4b1c-9cfb-6e2c3a001840","False"
"56.2","191.8","231.2","22","319","localhost","768da914-8836-4b1c-9cfb-6e2c3a001840","False"
"57.2","210.3","231.2","22","319","localhost","768da914-8836-4b1c-9cfb-6e2c3a001840","False"
"58.2","21.4","23","22","298","localhost","768da914-8836-4b1c-9cfb-6e2c3a001840","False"
"59.3","21.4","23","22","298","localhost","768da914-8836-4b1c-9cfb-6e2c3a001840","False"
"60.3","21.4","23","22","298","localhost","768da914-8836-4b1c-9cfb-6e2c3a001840","False"
"61.3","21.4","23","22","298","localhost","768da914-8836-4b1c-9cfb-6e2c3a001840","False"
"62.3","21.4","23","22","298","localhost","768da914-8836-4b1c-9cfb-6e2c3a001840","False"
"63.3","21.4","23","22","298","localhost","768da914-8836-4b1c-9cfb-6e2c3a001840","False"
"64.3","21.4","23","22","298","localhost","768da914-8836-4b1c-9cfb-6e2c3a001840","False"
"65.4","21.4","23","22","298","localhost","768da914-8836-4b1c-9cfb-6e2c3a001840","False"
"66.4","21.4","23","22","298","localhost","768da914-8836-4b1c-9cfb-6e2c3a001840","False"
"67.4","21.4","23","22","298","localhost","768da914-8836-4b1c-9cfb-6e2c3a001840","False"
"68.4","21.4","23","22","298","localhost","768da914-8836-4b1c-9cfb-6e2c3a001840","False"
"69.4","21.4","23","22","298","localhost","768da914-8836-4b1c-9cfb-6e2c3a001840","False"
"70.4","21.4","23","22","298","localhost","768da914-8836-4b1c-9cfb-6e2c3a001840","False"
"71.4","21.4","23","22","298","localhost","768da914-8836-4b1c-9cfb-6e2c3a001840","False"
"72.5","148.1","179.6","22","300","localhost","768da914-8836-4b1c-9cfb-6e2c3a001840","False"
"73.5","167","192","22","300","localhost","768da914-8836-4b1c-9cfb-6e2c3a001840","False"
"74.5","203.7","269.7","22","300","localhost","768da914-8836-4b1c-9cfb-6e2c3a001840","False"
"75.5","242.2","269.7","22","300","localhost","768da914-8836-4b1c-9cfb-6e2c3a001840","False"
"76.5","283.4","425.2","22","300","localhost","768da914-8836-4b1c-9cfb-6e2c3a001840","False"
"77.5","323.6","425.2","22","300","localhost","768da914-8836-4b1c-9cfb-6e2c3a001840","False"
"78.5","361.8","425.2","22","300","localhost","768da914-8836-4b1c-9cfb-6e2c3a001840","False"
"79.5","369.2","396.8","22","300","localhost","768da914-8836-4b1c-9cfb-6e2c3a001840","False"
"80.6","161.7","182.4","22","300","localhost","768da914-8836-4b1c-9cfb-6e2c3a001840","False"
"81.6","199.2","259.8","22","300","localhost","768da914-8836-4b1c-9cfb-6e2c3a001840","False"
"82.6","238.6","282.4","22","300","localhost","768da914-8836-4b1c-9cfb-6e2c3a001840","False"
"83.6","276.4","406.8","22","300","localhost","768da914-8836-4b1c-9cfb-6e2c3a001840","False"
"84.6","314.8","433.1","22","300","localhost","768da914-8836-4b1c-9cfb-6e2c3a001840","False"
"85.6","354.6","433.1","22","300","localhost","768da914-8836-4b1c-9cfb-6e2c3a001840","False"
"86.7","393.3","433.1","22","300","localhost","768da914-8836-4b1c-9cfb-6e2c3a001840","False"
"87.7","13.2","14.8","22","259","localhost","768da914-8836-4b1c-9cfb-6e2c3a001840","False"
"88.7","13.2","14.8","22","259","localhost","768da914-8836-4b1c-9cfb-6e2c3a001840","False"
"89.7","13.2","14.8","22","259","localhost","768da914-8836-4b1c-9cfb-6e2c3a001840","False"
"90.7","13.2","14.8","22","259","localhost","768da914-8836-4b1c-9cfb-6e2c3a001840","False"
"91.7","13.2","14.8","22","259","localhost","768da914-8836-4b1c-9cfb-6e2c3a001840","False"
"92.8","13.2","14.8","22","259","localhost","768da914-8836-4b1c-9cfb-6e2c3a001840","False"
"93.8","13.2","14.8","22","259","localhost","768da914-8836-4b1c-9cfb-6e2c3a001840","False"
"94.8","13.2","14.8","22","259","localhost","768da914-8836-4b1c-9cfb-6e2c3a001840","False"
"95.8","13.2","14.8","22","259","localhost","768da914-8836-4b1c-9cfb-6e2c3a001840","False"
"96.8","13.2","14.8","22","259","localhost","768da914-8836-4b1c-9cfb-6e2c3a001840","False"
"97.9","13.2","14.8","22","259","localhost","768da914-8836-4b1c-9cfb-6e2c3a001840","False"
"98.9","13.2","14.8","22","259","localhost","768da914-8836-4b1c-9cfb-6e2c3a001840","False"
"99.9","13.2","14.8","22","259","localhost","768da914-8836-4b1c-9cfb-6e2c3a001840","False"
"100.9","13.2","14.8","22","259","localhost","768da914-8836-4b1c-9cfb-6e2c3a001840","False"
"101.9","259.4","282.1","22","383","localhost","768da914-8836-4b1c-9cfb-6e2c3a001840","False"
"102.9","318.8","378","22","383","localhost","768da914-8836-4b1c-9cfb-6e2c3a001840","False"
"103.9","394.8","532.9","22","383","localhost","768da914-8836-4b1c-9cfb-6e2c3a001840","False"
"104.9","472.9","532.9","22","383","localhost","768da914-8836-4b1c-9cfb-6e2c3a001840","False"
"106","549.8","842.9","22","383","localhost","768da914-8836-4b1c-9cfb-6e2c3a001840","False"
"107","626.2","842.9","22","383","localhost","768da914-8836-4b1c-9cfb-6e2c3a001840","False"
"108","704.1","842.9","22","383","localhost","768da914-8836-4b1c-9cfb-6e2c3a001840","False"
"109","778.4","842.9","22","383","localhost","768da914-8836-4b1c-9cfb-6e2c3a001840","False"
"110","326.2","357.6","22","383","localhost","768da914-8836-4b1c-9cfb-6e2c3a001840","False"
"111","385.5","442.4","22","383","localhost","768da914-8836-4b1c-9cfb-6e2c3a001840","False"
"112","462.1","566.7","22","383","localhost","768da914-8836-4b1c-9cfb-6e2c3a001840","False"
"113.1","538.4","623.2","22","383","localhost","768da914-8836-4b1c-9cfb-6e2c3a001840","False"
"114.1","615.9","868.2","22","383","localhost","768da914-8836-4b1c-9cfb-6e2c3a001840","False"
"115.1","689.7","868.2","22","383","localhost","768da914-8836-4b1c-9cfb-6e2c3a001840","False"
"116.1","765.1","868.2","22","383","localhost","768da914-8836-4b1c-9cfb-6e2c3a001840","False"
"117.1","586","616.9","22","383","localhost","768da914-8836-4b1c-9cfb-6e2c3a001840","False"
"118.1","20.5","21.2","22","301","localhost","768da914-8836-4b1c-9cfb-6e2c3a001840","False"
"119.1","20.5","21.2","22","301","localhost","768da914-8836-4b1c-9cfb-6e2c3a001840","False"
